4
3 11 15 5
0 8 7 6
2 12 1 10
14 4 9 13
#
4
1   2  3  4
5   6  7  8
9  10 11 12
13 14 15  0
#
4
1   0  4  9
13  3 14  2
10 15 12  5
8  11  6  7
#
4
2  10  9  4
15  7  3 14
6  13  1 11
0   8  5 12
#
4
13  1  3  4
12  2 14  5
10 11 15  6
 0  9  8  7
#
4
 2  0 14  4
12  3 13  5
10  1 15  6
 9 11  8  7
#
 4
 1  2  3 14
12 13  5  4
11 15  8  6
10  9  0  7
#
4
 1  3  4  0
12  2 13  5
10 15 14  6
 9 11  8  7
#
 4
 1  2  3  4
 9 12 14  5
13  0 15  6
11 10  8  7
#
4
 1  3  4  0
13  2 14  5
12 15  6  7
11 10  9  8
#
4
 1  3  4  0
13  2 14  5
12  9 15  6
11 10  8  7
#
4
 1  2  3  4
12 13 14  5
11 15  6  7
10  9  0  8
#
4
 1  2  3  4
 0 12 14  5
 9 13 15  6
11 10  8  7
#
4
 1  2  3  4
12 13 14  5
11 15  8  6
10  9  0  7
#
4
 1  0  3  4
12  2 14  5
11 13  8  6
10 15  9  7
#
4
 1  3  4  0
13  2 14  5
12 11 15  6
10  9  8  7
#
4
 1  2  3  4
12 14 15  5
13  0  8  6
11 10  9  7
#
4
 1  2  3  4
 0 12 14  5
 9 13 15  6
11 10  8  7
#
4
 6  2 14  1
 3  5  4 15
12  7 13  0
11  9 10  8
#
4
13  2  3 14
10 12  0  8
 9  1  5  4
11  7 15  6
#
4
 1  3 10  5
12 14  0 15
 6 13  4  2
 9  7  8 11
#
4
 3  5  8  4
 6 10  2 14
15  0 12  1
13  7 11  9
#
4
 2  3  4  5
 9 14  0 15
12 10  6  1
 8  7 11 13
#
4
 2  4  7  5
 1  9  6 14
10  0  8 11
15 12  3 13
#
4
11  6  2  7
13  4  0 15
 3  1  5  9
 8 12 14 10
#
4
10  3  1  5
11  6  8  9
12 14  7  2
13 15  0  4
#
4
 2  1 15  3
12  8 13  4
 7  9  6 14
10 11  0  5
#
4
 6 13  3  7
 2 12  9  8
10  0 11  1
15 14  5  4
#
4
 9 15  4 10
11  5 12  6
 8  2 14  0
 1  3  7 13
#
4
10  0  8 11
15  2 13 14
 9  3  6  7
 4  5  1 12
#
4
12  1 13 15
14  3  6 10
 2  0  8  7
11  5  4  9
#
4
11  7 14  6
 1  2 13  9
 4 12 10  8
 5  3  0 15
#
4
12  0 11  9
 5  7  1  8
15 13  6  2
 4 14 10  3
#
4
 9 10  6  5
 0  8 14 11
15  7 12  2
 3  1  4 13
#
4
12  4  9  8
14 15  6  7
13  1  5  0
 2  3 10 11
#
4
 9  3  1  8
 7  2  0 15
11 13 14 12
 4  5 10  6
#
4
 4 12 13  1
14  8  3  7
15  2  6 10
11  5  0  9
#
4
10  6  7 12
11 13  8  2
 3 15 14  1
 0  9  5  4
#
4
10  7  4 12
11  1  2  6
 3  9  8 14
13 15  0  5
#
4
13  8  5  6
 2 11  0  4
 9 15  7  1
10 14  3 12 
